,pdb_id,# RNALoops Multiloops,# RNAStrands Multiloops,difference
671,1z58,40,20,20
968,1c2w,36,19,17
1019,2j28,52,16,36
382,1w2b,49,16,33
656,1nkw,48,16,32
738,1y69,46,16,30
1863,1nwy,0,16,-16
268,1kc8,51,15,36
469,2otj,51,15,36
714,1n8r,51,15,36
84,1nji,49,15,34
107,2otl,49,15,34
273,1k9m,49,15,34
421,1k73,49,15,34
459,1m1k,49,15,34
544,1kqs,49,15,34
13,1nwx,48,15,33
443,2hhh,22,15,7
825,1fka,16,15,1
1841,1k8a,0,15,-15
1844,1kd1,0,15,-15
168,1q81,51,14,37
501,1vqo,51,14,37
890,1q82,51,14,37
594,1i95,22,14,8
811,1xnr,22,11,11
816,1j5e,22,11,11
909,1hnx,22,11,11
980,1hr0,22,11,11
360,1i94,21,11,10
607,1xmo,21,11,10
872,1hnz,21,11,10
881,1hnw,21,11,10
902,2f4v,21,11,10
1094,2e5l,21,11,10
754,1xnq,21,10,11
98,1xmq,20,10,10
338,2rkj,17,6,11
956,1fcw,10,5,5
261,1fg0,9,4,5
1034,2nr0,8,4,4
1532,2czj,6,4,2
1268,1nbs,5,4,1
1537,1x8w,5,4,1
1076,2a64,7,3,4
1073,2j37,3,3,0
1884,1ttt,0,3,-3
891,1foq,9,2,7
1175,1ﬀz,8,2,6
1821,1ffz,8,2,6
616,2a2e,5,2,3
655,2d6f,4,2,2
1135,2cv0,4,2,2
1184,486d,4,2,2
1280,1sz1,4,2,2
1334,1grz,4,2,2
1381,1m5k,4,2,2
1404,1wz2,4,2,2
1511,1g59,4,2,2
1611,1m5o,4,2,2
1615,1il2,4,2,2
1671,1g1x,4,2,2
1712,1m5v,4,2,2
664,2oiu,2,2,0
682,2cky,2,2,0
911,2v3c,2,2,0
1059,1qa6,2,2,0
1143,1y39,2,2,0
1177,2csx,2,2,0
1258,1mms,2,2,0
1399,1u9s,2,2,0
1643,1un6,2,2,0
1718,1hc8,2,2,0
1853,1m5p,0,2,-2
1857,1n77,0,2,-2
1904,1zo3,0,2,-2
1921,2fmt,0,2,-2
1142,1y0q,5,1,4
571,2der,4,1,3
1627,1ry1,3,1,2
720,1evv,2,1,1
806,1qru,2,1,1
814,1qu2,2,1,1
912,1qf6,2,1,1
951,1qu3,2,1,1
987,1ehz,2,1,1
1018,1qrs,2,1,1
1112,2fk6,2,1,1
1158,1ser,2,1,1
1215,1j1u,2,1,1
1249,1qrt,2,1,1
1266,1i9v,2,1,1
1285,2det,2,1,1
1319,2qbz,2,1,1
1370,6tna,2,1,1
1389,488d,2,1,1
1510,1yfg,2,1,1
1516,1b23,2,1,1
1548,2du4,2,1,1
1579,1f7u,2,1,1
1620,1j2b,2,1,1
1625,4tna,2,1,1
1687,1c0a,2,1,1
1723,1f7v,2,1,1
1725,2gis,2,1,1
1736,1ﬀy,2,1,1
1744,1exd,2,1,1
1759,1ﬁr,2,1,1
1799,1fir,2,1,1
1820,1ffy,2,1,1
612,1z43,1,1,0
737,1mfq,1,1,0
1229,1kh6,1,1,0
1230,2ake,1,1,0
1284,2hok,1,1,0
1302,1u0b,1,1,0
1312,1l9a,1,1,0
1387,1oln,1,1,0
1415,300d,1,1,0
1433,1c2x,1,1,0
1437,2hol,1,1,0
1472,359d,1,1,0
1477,2dr2,1,1,0
1518,379d,1,1,0
1562,2jq7,1,1,0
1604,2hgh,1,1,0
1616,299d,1,1,0
1622,2hoj,1,1,0
1634,1dk1,1,1,0
1652,1lng,1,1,0
1660,2hom,1,1,0
1665,2hop,1,1,0
1673,2nqp,1,1,0
1683,1nyi,1,1,0
1733,2r8s,1,1,0
1745,301d,1,1,0
1751,1kuq,1,1,0
1762,2ihx,1,1,0
1768,1q29,1,1,0
1773,1ysh,1,1,0
1779,2oeu,1,1,0
1815,1euy,0,1,-1
1826,1gtr,0,1,-1
1827,1gts,0,1,-1
1828,1h4q,0,1,-1
1865,1o0b,0,1,-1
1866,1o0c,0,1,-1
1867,1ob2,0,1,-1
1877,1qtq,0,1,-1
1880,1rmn,0,1,-1
1902,1zjw,0,1,-1
1903,1zo1,0,1,-1
1915,2dlc,0,1,-1
1923,2goz,0,1,-1
1930,2hoo,0,1,-1
1944,2rd2,0,1,-1
1945,2re8,0,1,-1
206,4v4g,334,0,334
292,4v8p,222,0,222
514,6i7o,173,0,173
101,4u4q,172,0,172
209,6t83,172,0,172
36,4u3u,170,0,170
26,5dat,168,0,168
170,5fcj,168,0,168
224,5on6,168,0,168
311,4u50,168,0,168
363,4u56,168,0,168
398,4u4n,168,0,168
22,5i4l,167,0,167
52,4u52,167,0,167
72,6hhq,167,0,167
106,5tbw,167,0,167
109,4u3m,167,0,167
135,4u55,167,0,167
184,5tgm,167,0,167
223,4u4y,167,0,167
226,4u4u,167,0,167
279,5dgf,167,0,167
420,4u6f,167,0,167
502,4u3n,167,0,167
551,5mei,167,0,167
568,4u53,167,0,167
641,4u4r,167,0,167
100,5tga,166,0,166
163,5lyb,166,0,166
288,4u4z,166,0,166
331,5fci,166,0,166
365,5dc3,166,0,166
145,5obm,165,0,165
157,5dge,165,0,165
297,4u4o,165,0,165
390,5ndg,165,0,165
728,5dgv,165,0,165
142,5ndv,163,0,163
171,5w4k,161,0,161
321,6nd5,161,0,161
323,5ndj,161,0,161
257,6xhy,160,0,160
472,6xhv,160,0,160
554,4y4p,160,0,160
681,6nd6,160,0,160
471,4v6f,159,0,159
589,6cae,159,0,159
627,4v8e,159,0,159
684,5ndw,159,0,159
799,4wpo,159,0,159
32,4v8d,158,0,158
38,7rq8,158,0,158
53,4wqu,158,0,158
371,6otr,158,0,158
400,6cfj,158,0,158
491,4w2g,158,0,158
553,7rq9,158,0,158
716,5j4c,158,0,158
190,5j4b,157,0,157
7,4v7r,156,0,156
31,5f8k,156,0,156
140,6of1,156,0,156
153,4z3s,156,0,156
289,5wit,156,0,156
295,6oxa,156,0,156
391,4ypb,156,0,156
439,4wt1,156,0,156
444,4wsm,156,0,156
450,5vp2,156,0,156
97,5j3c,155,0,155
125,4zer,155,0,155
151,5ndk,155,0,155
185,5d8b,155,0,155
262,4w2i,155,0,155
278,4v8f,155,0,155
307,6uo1,155,0,155
414,6ord,155,0,155
529,4w2f,155,0,155
577,4v63,155,0,155
3,5j30,154,0,154
272,4wr6,154,0,154
306,5doy,154,0,154
428,4v9b,154,0,154
440,4v87,154,0,154
537,1vy4,154,0,154
610,6of6,154,0,154
779,6ucq,154,0,154
117,5hau,153,0,153
124,4lnt,153,0,153
130,5j4d,153,0,153
136,4v9i,153,0,153
156,4v5p,153,0,153
173,4wu1,153,0,153
367,5el6,153,0,153
460,6n9f,153,0,153
513,5dfe,153,0,153
129,5czp,152,0,152
392,6o97,152,0,152
396,1vvj,152,0,152
419,5hcq,152,0,152
445,6ope,152,0,152
449,4y4o,152,0,152
661,5e81,152,0,152
678,6oxi,152,0,152
761,5e7k,152,0,152
862,6czr,152,0,152
19,4wqy,151,0,151
21,5fdv,151,0,151
91,6xqd,151,0,151
131,4v8b,151,0,151
207,4w4g,151,0,151
263,4wqr,151,0,151
372,4p6f,151,0,151
387,4v9d,151,0,151
389,4lt8,151,0,151
574,4yzv,151,0,151
584,7jql,151,0,151
605,4wzd,151,0,151
642,5hcr,151,0,151
746,6n9e,151,0,151
28,4z8c,150,0,150
30,6bz8,150,0,150
37,6n1d,150,0,150
74,5fdu,150,0,150
99,6qnq,150,0,150
154,4v9r,150,0,150
160,4v5q,150,0,150
183,4woi,150,0,150
208,4v67,150,0,150
211,4v5c,150,0,150
215,4l71,150,0,150
318,5el4,150,0,150
370,5ib7,150,0,150
379,4v9q,150,0,150
380,6ndk,150,0,150
477,4wt8,150,0,150
528,4lel,150,0,150
540,4v8c,150,0,150
595,4tud,150,0,150
603,5hcp,150,0,150
41,5vpp,149,0,149
105,4wzo,149,0,149
111,4tua,149,0,149
123,4v5s,149,0,149
139,6fkr,149,0,149
155,4tub,149,0,149
158,6gsl,149,0,149
222,4p70,149,0,149
240,6cfk,149,0,149
269,4lsk,149,0,149
274,4v9c,149,0,149
301,1vy5,149,0,149
328,4tue,149,0,149
345,4lfz,149,0,149
497,6cﬂ,149,0,149
509,4v8j,149,0,149
510,6buw,149,0,149
587,4tuc,149,0,149
706,6xhx,149,0,149
796,4v9s,149,0,149
23,6bok,148,0,148
49,4v5f,148,0,148
76,6boh,148,0,148
87,6bz6,148,0,148
102,4zsn,148,0,148
138,4v7s,148,0,148
280,4v52,148,0,148
373,1vy6,148,0,148
483,6bz7,148,0,148
504,4v7v,148,0,148
797,5ib8,148,0,148
25,4v7p,147,0,147
48,4w2h,147,0,147
63,6o3m,147,0,147
88,4v4h,147,0,147
120,5el7,147,0,147
152,4v64,147,0,147
175,4u26,147,0,147
239,1vy7,147,0,147
326,4u24,147,0,147
329,4v7l,147,0,147
336,6b4v,147,0,147
377,4v9m,147,0,147
378,5jc9,147,0,147
431,6xqe,147,0,147
453,5j5b,147,0,147
487,4v56,147,0,147
609,4v6d,147,0,147
631,5el5,147,0,147
770,4v9l,147,0,147
778,6h58,147,0,147
82,4www,146,0,146
118,5vpo,146,0,146
133,4v4q,146,0,146
143,4v6c,146,0,146
217,5j8a,146,0,146
258,4v7u,146,0,146
270,4v53,146,0,146
284,6nta,146,0,146
310,4v55,146,0,146
347,4ybb,146,0,146
393,4v6e,146,0,146
457,4v7m,146,0,146
481,4v54,146,0,146
484,5j7l,146,0,146
536,5ibb,146,0,146
613,4v7t,146,0,146
619,4v57,146,0,146
683,4v9n,146,0,146
843,6gsj,146,0,146
35,4v7j,145,0,145
59,4v5a,145,0,145
285,4v9a,145,0,145
316,4xej,145,0,145
353,4v51,145,0,145
395,6c5l,145,0,145
521,6nsh,145,0,145
623,4w29,145,0,145
630,4v8u,145,0,145
685,4wf1,145,0,145
8,6gsk,144,0,144
34,4u1v,144,0,144
39,4v95,144,0,144
178,4u1u,144,0,144
193,4u27,144,0,144
418,4u25,144,0,144
422,6i7v,144,0,144
636,7md7,144,0,144
688,5j88,144,0,144
15,4v84,143,0,143
46,4u20,143,0,143
62,4v7y,143,0,143
24,4v8g,142,0,142
54,4v5j,142,0,142
216,4v8i,142,0,142
350,4v5e,142,0,142
408,4v83,142,0,142
12,4v7x,141,0,141
95,7lh5,141,0,141
103,4v8h,141,0,141
210,4v97,141,0,141
666,4v7w,141,0,141
116,6osi,140,0,140
243,4v8a,140,0,140
500,4v7z,140,0,140
775,4v5k,140,0,140
16,4v6a,137,0,137
402,4v5b,137,0,137
339,4v5g,136,0,136
73,6gzx,113,0,113
177,6gzz,113,0,113
20,6nwy,108,0,108
202,4bts,108,0,108
399,5vyc,105,0,105
283,6r6g,95,0,95
855,7o81,93,0,93
64,5lzx,92,0,92
187,6r6p,92,0,92
456,5lzz,92,0,92
792,6r7q,92,0,92
127,5lzw,91,0,91
298,7nrd,91,0,91
446,5lzv,91,0,91
341,6zm7,90,0,90
397,6mtb,90,0,90
547,5lzt,90,0,90
615,6zmo,90,0,90
705,5lzu,90,0,90
69,6zmi,89,0,89
900,6ip8,89,0,89
50,6p5i,88,0,88
322,6t7t,88,0,88
79,6mtd,87,0,87
89,6gqv,87,0,87
495,4v8y,87,0,87
201,6y2l,86,0,86
351,6mte,86,0,86
442,3j78,86,0,86
863,6uz7,86,0,86
265,5mc6,85,0,85
695,5aj0,85,0,85
831,5m1j,85,0,85
203,6y57,84,0,84
300,5jut,84,0,84
473,6olz,84,0,84
632,5juu,84,0,84
789,5jup,84,0,84
819,7mdz,84,0,84
181,4ug0,83,0,83
198,6olg,83,0,83
233,3j77,83,0,83
250,6zj3,83,0,83
348,5zep,83,0,83
427,4v3p,83,0,83
436,4v8m,83,0,83
482,6olf,83,0,83
507,6ip5,83,0,83
548,5zeb,83,0,83
763,6p5n,83,0,83
161,6om0,82,0,82
385,3j6y,82,0,82
405,6gz4,82,0,82
545,3j6x,82,0,82
648,6mtc,82,0,82
817,6hcf,82,0,82
164,6dzi,81,0,81
191,5t2a,81,0,81
277,5juo,81,0,81
496,6hcj,81,0,81
805,6d9j,81,0,81
835,7k50,81,0,81
6,6qzp,80,0,80
604,5aﬁ,80,0,80
618,6woo,80,0,80
869,4v4j,80,0,80
40,4v70,79,0,79
71,6wdk,79,0,79
199,6wdd,79,0,79
286,4v4i,79,0,79
294,6gqb,79,0,79
977,7r81,79,0,79
11,6wd2,78,0,78
121,7nhk,78,0,78
144,4v78,78,0,78
255,7n30,78,0,78
319,7pjx,78,0,78
409,7nhm,78,0,78
423,5x8p,78,0,78
530,6snt,78,0,78
614,4w2e,78,0,78
680,6wde,78,0,78
708,5lzd,78,0,78
710,6wdc,78,0,78
996,4uje,78,0,78
1003,5lzs,78,0,78
0,7pju,77,0,77
241,7nso,77,0,77
251,6hcm,77,0,77
253,7lv0,77,0,77
299,5lzb,77,0,77
315,5wfs,77,0,77
342,7k53,77,0,77
394,6wdl,77,0,77
558,5kps,77,0,77
704,5lze,77,0,77
766,6wdh,77,0,77
815,5u4i,77,0,77
864,5lzc,77,0,77
4,7o1a,76,0,76
81,6q9a,76,0,76
112,5lks,76,0,76
149,7o1c,76,0,76
166,5h5u,76,0,76
200,7n2u,76,0,76
266,6o9j,76,0,76
290,6xza,76,0,76
320,5lza,76,0,76
343,6wda,76,0,76
388,5kpx,76,0,76
488,5wfk,76,0,76
533,4v5h,76,0,76
590,5iqr,76,0,76
591,6wd7,76,0,76
652,5we6,76,0,76
776,7oj0,76,0,76
785,7pjy,76,0,76
880,4v74,76,0,76
921,7k00,76,0,76
2,6bu8,75,0,75
65,5nwy,75,0,75
85,5jte,75,0,75
165,6xu8,75,0,75
167,7pjt,75,0,75
182,4v9h,75,0,75
229,6wdf,75,0,75
271,7pjw,75,0,75
337,7nsq,75,0,75
383,6ost,75,0,75
401,6y69,75,0,75
417,7jss,75,0,75
426,4v7b,75,0,75
432,6x6t,75,0,75
466,5kpv,75,0,75
515,6c4i,75,0,75
517,5kpw,75,0,75
524,6gxo,75,0,75
527,6p5j,75,0,75
599,6wdg,75,0,75
628,5wf0,75,0,75
744,4v8q,75,0,75
753,7o19,75,0,75
838,6wd4,75,0,75
904,6vz5,75,0,75
955,6x7f,75,0,75
1008,5lzf,75,0,75
1,3jbu,74,0,74
9,5mdw,74,0,74
10,7oiz,74,0,74
94,5mdy,74,0,74
159,5myj,74,0,74
204,6gxm,74,0,74
231,5kcr,74,0,74
248,7s1h,74,0,74
332,6orl,74,0,74
334,7jsw,74,0,74
406,6wdj,74,0,74
447,6ha1,74,0,74
494,4v71,74,0,74
543,6vwm,74,0,74
606,7d6z,74,0,74
646,6ouo,74,0,74
818,6osq,74,0,74
871,5mdv,74,0,74
90,6yss,73,0,73
412,7jt1,73,0,73
467,5o2r,73,0,73
576,6yst,73,0,73
800,5u9f,73,0,73
837,6gwt,73,0,73
870,6gzq,73,0,73
925,6ogg,73,0,73
5,5ju8,72,0,72
45,7m4x,72,0,72
56,6o8y,72,0,72
115,5ngm,72,0,72
176,4v85,72,0,72
194,6wnv,72,0,72
245,6hrm,72,0,72
259,6s13,72,0,72
463,7nsp,72,0,72
600,5np6,72,0,72
601,7m4z,72,0,72
625,5l3p,72,0,72
935,4v5m,72,0,72
68,6og7,71,0,71
93,7jil,71,0,71
113,5mrf,71,0,71
128,6enf,71,0,71
132,6q98,71,0,71
228,4v5n,71,0,71
335,6h4n,71,0,71
369,4v5l,71,0,71
474,7m4y,71,0,71
620,6wd5,71,0,71
674,6ip6,71,0,71
686,5lzy,71,0,71
698,6r5q,71,0,71
709,6o90,71,0,71
718,6enj,71,0,71
969,6spg,71,0,71
104,6skg,70,0,70
189,6lkq,70,0,70
498,6htq,70,0,70
657,5t7v,70,0,70
689,6spf,70,0,70
851,5mmm,70,0,70
43,7n31,69,0,69
108,6q97,69,0,69
313,4v49,69,0,69
195,6o8x,68,0,68
238,4v4z,68,0,68
340,7d80,68,0,68
362,6th6,68,0,68
114,4v4s,67,0,67
122,4v7h,67,0,67
703,6q8y,67,0,67
821,4v4t,66,0,66
1036,4v4r,66,0,66
51,4v4a,65,0,65
312,4v4p,65,0,65
694,7o80,64,0,64
579,6gq1,63,0,63
839,4v4x,63,0,63
717,6xa1,62,0,62
512,6ole,61,0,61
596,6lss,61,0,61
670,6lsr,61,0,61
679,6ftj,61,0,61
147,5zet,60,0,60
438,6n8n,60,0,60
486,6dzp,60,0,60
563,6hd7,60,0,60
602,7nrc,60,0,60
791,5umd,60,0,60
883,6p5k,60,0,60
18,5apn,59,0,59
55,5apo,59,0,59
110,4v91,59,0,59
499,6r87,59,0,59
565,5xxb,59,0,59
748,6qt0,59,0,59
962,7n2v,59,0,59
61,5a9z,58,0,58
386,3j7o,58,0,58
582,6d90,58,0,58
598,6oli,58,0,58
676,6qtz,58,0,58
735,6qik,58,0,58
739,6vz3,58,0,58
786,4v8t,58,0,58
824,7aqd,58,0,58
833,6wd6,58,0,58
868,5gak,58,0,58
1017,6n8l,58,0,58
354,6wd9,57,0,57
416,6tpq,57,0,57
433,6om7,57,0,57
541,6wd3,57,0,57
592,6wdm,57,0,57
934,6ylg,57,0,57
943,6tnn,57,0,57
77,6o8w,56,0,56
80,6oig,56,0,56
302,6wd8,56,0,56
808,6ogi,56,0,56
840,6wdi,56,0,56
932,5x8t,56,0,56
325,6z6j,55,0,55
327,6i0y,55,0,55
368,5mlc,55,0,55
539,7pjz,55,0,55
626,6s05,55,0,55
675,6hcq,55,0,55
896,4uy8,55,0,55
92,6ore,54,0,54
141,6pcr,54,0,54
617,4d5y,54,0,54
742,6wd0,54,0,54
765,4wce,54,0,54
782,7as9,54,0,54
827,7b5k,54,0,54
96,6s0k,53,0,53
119,5mgp,53,0,53
333,6xu6,53,0,53
523,6pch,53,0,53
526,6s12,53,0,53
532,5gag,53,0,53
654,5gae,53,0,53
745,4d67,53,0,53
755,7a0s,53,0,53
802,5nco,53,0,53
884,6qul,53,0,53
924,5hl7,53,0,53
926,6pc5,53,0,53
1041,7a18,53,0,53
83,6pc7,52,0,52
148,7pjv,52,0,52
179,4csu,52,0,52
275,6ysr,52,0,52
346,6wyv,52,0,52
490,4wf9,52,0,52
550,6pcs,52,0,52
560,6o8z,52,0,52
658,4ioa,52,0,52
790,4io9,52,0,52
58,1yj9,51,0,51
137,3ccu,51,0,51
188,1vq7,51,0,51
218,4u67,51,0,51
219,5dm6,51,0,51
221,3cc2,51,0,51
230,3ow2,51,0,51
237,3cd6,51,0,51
242,2zjp,51,0,51
244,1yhq,51,0,51
246,1s72,51,0,51
330,6s0z,51,0,51
361,6wru,51,0,51
364,1qvf,51,0,51
376,5aka,51,0,51
381,3ccr,51,0,51
461,4ioc,51,0,51
492,3g6e,51,0,51
586,7m4v,51,0,51
696,3g71,51,0,51
784,3ccm,51,0,51
895,1yi2,51,0,51
915,4wfn,51,0,51
1002,1jj2,51,0,51
1033,1yij,51,0,51
1070,5jvh,51,0,51
1071,2zjq,51,0,51
1089,2zjr,51,0,51
47,3ccl,50,0,50
296,1m90,50,0,50
384,3cce,50,0,50
435,3i56,50,0,50
479,5dm7,50,0,50
485,1vq4,50,0,50
534,3cf5,50,0,50
564,1vq8,50,0,50
621,3i55,50,0,50
639,3g4s,50,0,50
643,1vqn,50,0,50
649,5xy3,50,0,50
740,4v9f,50,0,50
777,3cpw,50,0,50
830,1yjn,50,0,50
918,7btb,50,0,50
1016,7n1p,50,0,50
1078,1vq5,50,0,50
70,3cc7,49,0,49
180,1q7y,49,0,49
304,3cme,49,0,49
358,3cxc,49,0,49
478,3cma,49,0,49
489,1vq9,49,0,49
503,7jsz,49,0,49
505,3ccv,49,0,49
522,3pip,49,0,49
751,6ppk,49,0,49
757,4v5o,49,0,49
771,3ccs,49,0,49
783,1yit,49,0,49
793,3dll,49,0,49
834,1q86,49,0,49
844,2qa4,49,0,49
886,2qex,49,0,49
960,1vq6,49,0,49
978,6ofx,49,0,49
1051,1qvg,49,0,49
424,5u9g,48,0,48
651,6tbv,48,0,48
667,5xym,48,0,48
1000,1ﬀk,48,0,48
14,2o44,47,0,47
126,1ond,47,0,47
235,3pio,47,0,47
282,6r86,47,0,47
726,7azy,47,0,47
774,2aar,47,0,47
57,1xbp,46,0,46
227,2o43,46,0,46
662,2ogo,46,0,46
712,3fwo,46,0,46
913,3jq4,46,0,46
287,1jzz,45,0,45
411,1jzx,45,0,45
570,1j5a,45,0,45
638,6az3,45,0,45
731,2ogn,45,0,45
760,2ogm,45,0,45
768,1jzy,45,0,45
832,6t59,45,0,45
949,1k01,45,0,45
276,6wu9,44,0,44
772,2d3o,44,0,44
455,3j6b,43,0,43
874,1sm1,43,0,43
172,1p9x,42,0,42
314,2o45,42,0,42
324,1njo,42,0,42
690,1njp,42,0,42
845,1njn,42,0,42
853,1njm,42,0,42
75,5uq7,40,0,40
429,7nqh,40,0,40
451,7nql,40,0,40
622,5nrg,40,0,40
724,6elz,40,0,40
764,6tb3,40,0,40
857,6fti,40,0,40
212,7a5g,39,0,39
465,6pvk,39,0,39
637,6t4q,39,0,39
809,7nsi,39,0,39
813,7a5i,39,0,39
861,6zm6,39,0,39
878,6ydw,39,0,39
186,7ohr,38,0,38
317,6nu3,38,0,38
413,6vlz,38,0,38
916,5aj4,37,0,37
17,7a5f,36,0,36
234,7ohv,36,0,36
403,6dnc,36,0,36
452,7s1g,36,0,36
196,7n2c,35,0,35
305,6ogf,35,0,35
640,6vwn,34,0,34
267,7l08,33,0,33
448,6vwl,33,0,33
506,6pc8,33,0,33
769,6osk,32,0,32
983,6ysu,32,0,32
673,5jcs,31,0,31
692,6skf,31,0,31
721,5oa3,31,0,31
1127,6tc3,31,0,31
236,6vz2,30,0,30
759,6q95,30,0,30
942,6xij,30,0,30
1079,5ﬂx,30,0,30
260,4kzz,29,0,29
910,7m4w,29,0,29
931,5a2q,29,0,29
691,6yan,28,0,28
729,5k0y,28,0,28
875,6fec,28,0,28
929,5kcs,28,0,28
948,7ase,28,0,28
958,6nu2,28,0,28
561,4kzx,27,0,27
665,6spd,27,0,27
702,5o60,27,0,27
847,7jt3,27,0,27
873,6w6l,27,0,27
937,4kzy,27,0,27
940,6em1,27,0,27
1075,6okk,27,0,27
1104,5it8,27,0,27
1224,6enu,27,0,27
192,7aju,26,0,26
197,6n8o,26,0,26
214,7jt2,26,0,26
344,7ohy,26,0,26
359,5it9,26,0,26
437,7pd3,26,0,26
520,6zqe,26,0,26
535,6rbd,26,0,26
850,5opt,26,0,26
889,6w2s,26,0,26
1085,7ohs,26,0,26
60,6rbe,25,0,25
169,6cb1,25,0,25
352,6zp4,25,0,25
578,6fai,25,0,25
588,7l20,25,0,25
653,4v92,25,0,25
663,6n8m,25,0,25
773,5gaf,25,0,25
849,4uer,25,0,25
981,6i9r,25,0,25
1043,7ohu,25,0,25
281,5lmu,24,0,24
470,7ohw,24,0,24
475,7nsh,24,0,24
597,6eml,24,0,24
634,5ﬂ8,24,0,24
719,6w7m,24,0,24
723,7a5j,24,0,24
846,5jvg,24,0,24
953,5xxu,24,0,24
999,5lmt,24,0,24
1088,7ohx,24,0,24
1126,6p4h,24,0,24
1156,6ftg,24,0,24
1157,6p4g,24,0,24
220,6zqf,23,0,23
249,6w2t,23,0,23
293,5mmi,23,0,23
410,6zxd,23,0,23
519,5xyi,23,0,23
542,6w77,23,0,23
644,5lmv,23,0,23
711,6g18,23,0,23
715,7of6,23,0,23
734,5tcu,23,0,23
752,6zlw,23,0,23
787,6zqg,23,0,23
798,6zon,23,0,23
905,6zn5,23,0,23
947,7ohp,23,0,23
963,5lms,23,0,23
1001,7of5,23,0,23
1039,6g5i,23,0,23
1045,7of4,23,0,23
1110,5lmq,23,0,23
1138,6zxe,23,0,23
1210,5zeu,23,0,23
1234,7a5h,23,0,23
27,7of0,22,0,22
33,6o7k,22,0,22
232,4lfa,22,0,22
252,2vqe,22,0,22
256,1ibl,22,0,22
303,4b3r,22,0,22
375,5my1,22,0,22
415,4lfc,22,0,22
516,4b3t,22,0,22
556,7o9m,22,0,22
557,4b3s,22,0,22
562,6mpi,22,0,22
566,4yy3,22,0,22
583,4gkk,22,0,22
608,6mpf,22,0,22
635,1i97,22,0,22
660,2ykr,22,0,22
697,7odr,22,0,22
701,4ji0,22,0,22
727,4ji8,22,0,22
732,4lf6,22,0,22
750,2uu9,22,0,22
767,3t1h,22,0,22
780,5lmr,22,0,22
795,6cap,22,0,22
820,7of7,22,0,22
887,3oto,22,0,22
917,5uq8,22,0,22
927,6caq,22,0,22
928,4duz,22,0,22
933,4duy,22,0,22
970,4gkj,22,0,22
991,4lf9,22,0,22
995,6cao,22,0,22
1010,5lmp,22,0,22
1012,4dv1,22,0,22
1014,4d5l,22,0,22
1032,6zmt,22,0,22
1038,2uxc,22,0,22
1040,2vqf,22,0,22
1061,5lmo,22,0,22
1077,3t1y,22,0,22
1102,4a2i,22,0,22
1109,4lfb,22,0,22
1113,6w7n,22,0,22
1129,4ji3,22,0,22
1137,4nxn,22,0,22
1139,5x8r,22,0,22
1194,4dv5,22,0,22
1195,5lmn,22,0,22
1203,6zxh,22,0,22
1217,4dv6,22,0,22
1237,4lf5,22,0,22
1269,4dr2,22,0,22
1306,4adv,22,0,22
1331,4ji1,22,0,22
29,4dr3,21,0,21
42,4dr1,21,0,21
86,4dr6,21,0,21
150,6awd,21,0,21
213,2uub,21,0,21
225,6cas,21,0,21
254,5me0,21,0,21
308,6pc6,21,0,21
355,7of3,21,0,21
374,4x65,21,0,21
462,4lf7,21,0,21
508,4ox9,21,0,21
511,7oe0,21,0,21
538,2uxd,21,0,21
549,5wnr,21,0,21
580,4nxm,21,0,21
581,4ji6,21,0,21
585,4dr5,21,0,21
611,4dv2,21,0,21
668,5mmj,21,0,21
677,4b3m,21,0,21
743,4lf4,21,0,21
756,1ibm,21,0,21
762,2uuc,21,0,21
804,1ibk,21,0,21
810,5wnv,21,0,21
826,6dzk,21,0,21
829,6ny6,21,0,21
848,1fjg,21,0,21
858,5o5j,21,0,21
867,4kvb,21,0,21
879,1n33,21,0,21
882,2uua,21,0,21
892,6mkn,21,0,21
901,5br8,21,0,21
907,4dv4,21,0,21
936,4dv3,21,0,21
941,4x66,21,0,21
961,1n32,21,0,21
984,5wnq,21,0,21
992,1i96,21,0,21
1005,6w6k,21,0,21
1006,5wnp,21,0,21
1009,4ji7,21,0,21
1020,7oe1,21,0,21
1023,2uxb,21,0,21
1031,1n34,21,0,21
1057,4ji4,21,0,21
1066,4aqy,21,0,21
1072,6zqc,21,0,21
1100,2zm6,21,0,21
1101,6c0f,21,0,21
1160,5wnt,21,0,21
1265,4dr4,21,0,21
66,4lf8,20,0,20
146,6lqs,20,0,20
264,6wdr,20,0,20
404,4ji2,20,0,20
725,4khp,20,0,20
749,5iwa,20,0,20
803,4x64,20,0,20
865,5wnu,20,0,20
894,4k0k,20,0,20
922,6ppf,20,0,20
923,4jya,20,0,20
957,6spe,20,0,20
964,7d4i,20,0,20
1004,5wns,20,0,20
1035,4x62,20,0,20
1037,5h4p,20,0,20
1063,4jv5,20,0,20
78,4yhh,19,0,19
454,1n36,19,0,19
699,6rxz,19,0,19
823,7oht,19,0,19
1152,6awb,19,0,19
247,7ajt,18,0,18
441,6zqb,18,0,18
747,6lqt,18,0,18
758,5xyu,18,0,18
852,7d63,18,0,18
888,6lqp,18,0,18
1083,6rxu,18,0,18
1173,6rxv,18,0,18
356,5wlc,17,0,17
982,6lqr,17,0,17
986,7d5t,17,0,17
1042,6lqq,17,0,17
357,7oi6,16,0,16
687,4tzz,16,0,16
1048,6lqu,16,0,16
1196,6swa,16,0,16
693,7bof,15,0,15
930,7aﬁ,15,0,15
954,6spc,15,0,15
959,5anc,15,0,15
1011,6nf8,15,0,15
1024,5wyj,15,0,15
1060,6rxx,15,0,15
1369,5anb,15,0,15
730,5an9,14,0,14
939,5wyk,14,0,14
1090,6qkl,14,0,14
1128,7nas,14,0,14
1133,6neq,14,0,14
1151,6lqv,14,0,14
309,6zqa,13,0,13
434,6rw4,13,0,13
1294,6rxy,13,0,13
407,3rkf,12,0,12
997,6wub,12,0,12
1193,6rxt,12,0,12
1350,7d5s,12,0,12
531,7bod,11,0,11
669,6r84,11,0,11
733,7oi0,11,0,11
897,6m62,11,0,11
952,6wnt,11,0,11
1087,6rm3,11,0,11
1099,6pj6,11,0,11
1278,7bog,11,0,11
836,6xz7,10,0,10
1095,3w1k,10,0,10
1147,5jpq,10,0,10
1161,6chr,10,0,10
1162,6qyz,10,0,10
464,6cih,9,0,9
866,7ane,9,0,9
1050,4qjh,9,0,9
1062,6n7r,9,0,9
1121,7afk,9,0,9
1148,4y1o,9,0,9
1208,7af3,9,0,9
1232,6k0b,9,0,9
1236,7af5,9,0,9
1261,3q1q,9,0,9
1263,3q1r,9,0,9
1307,4rge,9,0,9
67,4wj3,8,0,8
659,4qjd,8,0,8
979,3wfr,8,0,8
994,4r0d,8,0,8
1105,4rgf,8,0,8
1106,6k0a,8,0,8
1125,3ivn,8,0,8
1165,4mgn,8,0,8
1172,7oqe,8,0,8
1243,6n7p,8,0,8
1244,3wfq,8,0,8
1318,7as8,8,0,8
1348,6ybs,8,0,8
944,4y1n,7,0,7
989,5tzs,7,0,7
1149,4tzp,7,0,7
1517,6hma,7,0,7
205,3slm,6,0,6
672,4wfm,6,0,6
822,6vwv,6,0,6
906,4frn,6,0,6
1026,4uyj,6,0,6
1055,3skz,6,0,6
1084,5g2x,6,0,6
1124,5e54,6,0,6
1130,5j02,6,0,6
1134,7aih,6,0,6
1159,3akz,6,0,6
1188,7b9v,6,0,6
1225,1jgo,6,0,6
1279,4p8z,6,0,6
1287,1jgq,6,0,6
1320,5swd,6,0,6
1335,5gmk,6,0,6
1357,6ahu,6,0,6
1376,7c79,6,0,6
1393,7kga,6,0,6
1420,4v42,6,0,6
1430,7c7a,6,0,6
1482,7lj3,6,0,6
1487,6ah3,6,0,6
1493,1jgp,6,0,6
1521,3pdr,6,0,6
1553,4m6d,6,0,6
174,3ok4,5,0,5
555,4faw,5,0,5
788,5g2y,5,0,5
1015,4faq,5,0,5
1117,4p95,5,0,5
1120,5nrl,5,0,5
1131,4fb0,5,0,5
1136,6j6n,5,0,5
1166,6t3s,5,0,5
1167,6gyv,5,0,5
1189,5zwm,5,0,5
1197,6c4h,5,0,5
1211,6g90,5,0,5
1254,4oq9,5,0,5
1276,3igi,5,0,5
1308,4far,5,0,5
1316,6t3n,5,0,5
1359,6ahr,5,0,5
1365,4e8n,5,0,5
1375,5zey,5,0,5
1388,4fau,5,0,5
1498,5zwn,5,0,5
1528,6j6g,5,0,5
1544,4e8m,5,0,5
1551,4p9r,5,0,5
1557,6j6h,5,0,5
1567,7aoi,5,0,5
1654,7dco,5,0,5
291,7ka0,4,0,4
366,5ktj,4,0,4
476,6ufj,4,0,4
552,5lqw,4,0,4
559,6mj0,4,0,4
629,5hc9,4,0,4
645,5b63,4,0,4
736,4e8r,4,0,4
741,6wjs,4,0,4
801,2qus,4,0,4
841,6exn,4,0,4
877,5c45,4,0,4
885,2nz4,4,0,4
898,3g8s,4,0,4
914,3f4g,4,0,4
920,4mgm,4,0,4
965,4e8k,4,0,4
971,3ski,4,0,4
972,6uey,4,0,4
974,4fax,4,0,4
993,3bwp,4,0,4
1007,4yye,4,0,4
1013,4tzw,4,0,4
1022,2cv1,4,0,4
1025,3q3z,4,0,4
1064,5on3,4,0,4
1092,6wlo,4,0,4
1114,2deu,4,0,4
1119,6wls,4,0,4
1122,3wc2,4,0,4
1140,3f2x,4,0,4
1141,5ud5,4,0,4
1145,5zwo,4,0,4
1150,4yaz,4,0,4
1153,3l3c,4,0,4
1168,6g7z,4,0,4
1171,2zxu,4,0,4
1178,2yif,4,0,4
1182,3f30,4,0,4
1187,3foz,4,0,4
1192,4aq7,4,0,4
1200,5onh,4,0,4
1206,3g9c,4,0,4
1220,5hr7,4,0,4
1222,6ufk,4,0,4
1223,7jrt,4,0,4
1239,3ds7,4,0,4
1240,2byt,4,0,4
1246,5lj5,4,0,4
1252,2quw,4,0,4
1253,4ds6,4,0,4
1257,2v0g,4,0,4
1259,5v6x,4,0,4
1260,6ugg,4,0,4
1271,7chd,4,0,4
1275,6ck5,4,0,4
1282,6lvr,4,0,4
1303,6hix,4,0,4
1311,4e8v,4,0,4
1324,3g96,4,0,4
1325,5yyn,4,0,4
1329,3f2t,4,0,4
1347,3eoh,4,0,4
1349,2yie,4,0,4
1358,3a2k,4,0,4
1360,6dn2,4,0,4
1364,2ct8,4,0,4
1368,5mq0,4,0,4
1371,3skt,4,0,4
1384,6bfb,4,0,4
1386,3f2q,4,0,4
1392,6prv,4,0,4
1406,6ck4,4,0,4
1413,4e8q,4,0,4
1421,3dhs,4,0,4
1427,5wwt,4,0,4
1435,1asy,4,0,4
1444,5omw,4,0,4
1456,6wjr,4,0,4
1457,3eog,4,0,4
1459,3g8t,4,0,4
1462,4yb0,4,0,4
1466,5ah5,4,0,4
1470,3slq,4,0,4
1485,2zm5,4,0,4
1500,1n78,4,0,4
1501,5lj3,4,0,4
1507,4frg,4,0,4
1508,6qx9,4,0,4
1514,6dn1,4,0,4
1527,7ez0,4,0,4
1540,3rg5,4,0,4
1543,5kx9,4,0,4
1549,1efw,4,0,4
1550,3skw,4,0,4
1565,3f2w,4,0,4
1571,4gma,4,0,4
1580,6t3r,4,0,4
1594,3g78,4,0,4
1597,6dn3,4,0,4
1607,6agb,4,0,4
1637,3v7e,4,0,4
1639,6t3k,4,0,4
1651,6wln,4,0,4
1664,3skr,4,0,4
1667,4e8t,4,0,4
1668,3f4h,4,0,4
1699,3skl,4,0,4
1729,4e8p,4,0,4
162,3epl,3,0,3
480,5gan,3,0,3
493,4feo,3,0,3
518,2zni,3,0,3
525,6wtr,3,0,3
633,6nd4,3,0,3
812,4lx6,3,0,3
842,6ubu,3,0,3
919,6n5p,3,0,3
966,3eph,3,0,3
967,6zdu,3,0,3
975,5c7w,3,0,3
976,3wfs,3,0,3
990,2eew,3,0,3
1028,2xo1,3,0,3
1029,4wﬂ,3,0,3
1053,3g4m,3,0,3
1054,4fel,3,0,3
1067,3la5,3,0,3
1068,6u8k,3,0,3
1080,5ylz,3,0,3
1081,4c4q,3,0,3
1082,2xnw,3,0,3
1091,2b57,3,0,3
1107,4fep,3,0,3
1108,3npq,3,0,3
1118,6n5o,3,0,3
1123,6ﬀ7,3,0,3
1144,6vmy,3,0,3
1169,2ees,3,0,3
1174,4uyk,3,0,3
1180,7abi,3,0,3
1181,6ufm,3,0,3
1185,3iwn,3,0,3
1186,3ges,3,0,3
1201,7abg,3,0,3
1213,4lx5,3,0,3
1231,3ger,3,0,3
1241,6n5n,3,0,3
1250,5dun,3,0,3
1262,4fej,3,0,3
1270,3gao,3,0,3
1290,4qk8,3,0,3
1296,6wlm,3,0,3
1310,6uc7,3,0,3
1317,6n5k,3,0,3
1323,6hiy,3,0,3
1328,2xo0,3,0,3
1330,6wtl,3,0,3
1351,4tzv,3,0,3
1356,6uc9,3,0,3
1377,2xnz,3,0,3
1378,6bk8,3,0,3
1396,4ue4,3,0,3
1398,2eeu,3,0,3
1400,1l8v,3,0,3
1403,2eev,3,0,3
1409,6ufg,3,0,3
1410,3epj,3,0,3
1414,5mps,3,0,3
1416,4nya,3,0,3
1423,5swe,3,0,3
1426,6uc8,3,0,3
1432,1y26,3,0,3
1439,6ufh,3,0,3
1441,3gog,3,0,3
1445,6n5q,3,0,3
1448,3icq,3,0,3
1451,2azx,3,0,3
1452,4r4v,3,0,3
1463,6n5s,3,0,3
1465,5a8l,3,0,3
1468,3got,3,0,3
1479,2eet,3,0,3
1488,3fo6,3,0,3
1513,4fen,3,0,3
1547,6ah0,3,0,3
1552,2gdi,3,0,3
1556,4qka,3,0,3
1563,4oji,3,0,3
1564,4r4p,3,0,3
1569,6hiw,3,0,3
1574,5c7u,3,0,3
1577,5mqf,3,0,3
1581,5v3i,3,0,3
1603,3fo4,3,0,3
1640,1y27,3,0,3
1656,5o9z,3,0,3
1682,2g9c,3,0,3
1701,5wsg,3,0,3
1717,5y88,3,0,3
1721,4fe5,3,0,3
44,4y1j,2,0,2
134,2ydh,2,0,2
349,3mut,2,0,2
425,3ud4,2,0,2
430,3amu,2,0,2
468,7kab,2,0,2
546,7elq,2,0,2
567,5fk6,2,0,2
569,7elr,2,0,2
572,3oxe,2,0,2
575,6wzr,2,0,2
624,6p2h,2,0,2
647,2fcz,2,0,2
650,6dmc,2,0,2
700,2du3,2,0,2
707,2du6,2,0,2
713,6wlr,2,0,2
781,1k9w,2,0,2
794,3dig,2,0,2
854,3ol6,2,0,2
856,4wc3,2,0,2
859,6y3g,2,0,2
876,3l0u,2,0,2
893,2ms0,2,0,2
899,3dix,2,0,2
903,5fkf,2,0,2
938,2k4c,2,0,2
946,3mum,2,0,2
950,5m73,2,0,2
985,5fk5,2,0,2
988,3t4b,2,0,2
998,6cb3,2,0,2
1021,6icz,2,0,2
1027,2l1f,2,0,2
1030,2ms1,2,0,2
1046,4ue5,2,0,2
1047,3oxd,2,0,2
1049,6qw6,2,0,2
1052,3oww,2,0,2
1056,3ktv,2,0,2
1058,6lax,2,0,2
1065,4qk9,2,0,2
1069,4tzy,2,0,2
1096,3gx3,2,0,2
1097,6wzs,2,0,2
1098,7jrs,2,0,2
1103,6ol3,2,0,2
1115,4cxh,2,0,2
1132,4k50,2,0,2
1146,2du5,2,0,2
1154,6sga,2,0,2
1155,6jq5,2,0,2
1163,4yvk,2,0,2
1164,6y4b,2,0,2
1170,5ddp,2,0,2
1183,4wj4,2,0,2
1191,3gx7,2,0,2
1198,6cu1,2,0,2
1199,2iy5,2,0,2
1202,5fk3,2,0,2
1214,7mrl,2,0,2
1216,3d0u,2,0,2
1219,3ucu,2,0,2
1221,3d2x,2,0,2
1226,7eaf,2,0,2
1227,4gcw,2,0,2
1228,1eiy,2,0,2
1233,1zci,2,0,2
1235,5ddo,2,0,2
1238,5fk2,2,0,2
1242,6lau,2,0,2
1245,6pmo,2,0,2
1248,4aob,2,0,2
1251,6dls,2,0,2
1255,5bjo,2,0,2
1256,7kjt,2,0,2
1264,6c27,2,0,2
1267,4kr9,2,0,2
1274,1e8o,2,0,2
1277,6wlq,2,0,2
1281,3ud3,2,0,2
1283,3ox0,2,0,2
1288,5dar,2,0,2
1291,3dj0,2,0,2
1295,3k0j,2,0,2
1301,3ol7,2,0,2
1313,3dir,2,0,2
1315,4jrc,2,0,2
1321,3oxj,2,0,2
1322,4znp,2,0,2
1326,3diq,2,0,2
1327,1gid,2,0,2
1332,3tup,2,0,2
1333,7lva,2,0,2
1336,3d2g,2,0,2
1337,5gm6,2,0,2
1339,3iqn,2,0,2
1340,2go5,2,0,2
1341,5fk4,2,0,2
1343,6db9,2,0,2
1344,6id1,2,0,2
1346,3muv,2,0,2
1353,6od9,2,0,2
1355,4b5r,2,0,2
1362,3oxb,2,0,2
1363,6jxm,2,0,2
1366,3gx2,2,0,2
1367,4yb1,2,0,2
1372,4lw0,2,0,2
1373,1zzn,2,0,2
1374,5kpy,2,0,2
1380,6cc3,2,0,2
1383,3iqp,2,0,2
1390,7kd1,2,0,2
1391,4qei,2,0,2
1394,3ivk,2,0,2
1397,7eag,2,0,2
1401,2ygh,2,0,2
1402,4ari,2,0,2
1408,3a3a,2,0,2
1411,3diz,2,0,2
1412,3iqr,2,0,2
1417,5fjc,2,0,2
1418,3dj2,2,0,2
1422,5fkh,2,0,2
1424,1u6b,2,0,2
1425,6bjx,2,0,2
1428,3p49,2,0,2
1438,1tra,2,0,2
1440,7dvq,2,0,2
1446,6wll,2,0,2
1447,3d2v,2,0,2
1449,5ndi,2,0,2
1450,6las,2,0,2
1454,5z58,2,0,2
1460,6laz,2,0,2
1461,6ahd,2,0,2
1464,5z56,2,0,2
1467,4by9,2,0,2
1469,5x6b,2,0,2
1473,4kqy,2,0,2
1474,1hr2,2,0,2
1475,4lvv,2,0,2
1476,4tzx,2,0,2
1478,7lyf,2,0,2
1480,2zzm,2,0,2
1481,5y85,2,0,2
1484,6dnr,2,0,2
1490,3mxh,2,0,2
1491,3owz,2,0,2
1492,3wc1,2,0,2
1495,1euq,2,0,2
1496,3ucz,2,0,2
1497,6wlu,2,0,2
1499,3zjt,2,0,2
1502,5fkd,2,0,2
1503,5vj9,2,0,2
1509,3gx6,2,0,2
1512,6wlt,2,0,2
1519,5fke,2,0,2
1520,6cc1,2,0,2
1522,3zju,2,0,2
1523,6d8n,2,0,2
1525,7k9e,2,0,2
1529,5axm,2,0,2
1535,7elp,2,0,2
1538,4xnr,2,0,2
1539,4x0a,2,0,2
1541,6d8m,2,0,2
1542,3r1h,2,0,2
1545,4y1i,2,0,2
1554,4lvy,2,0,2
1555,4lvz,2,0,2
1559,5fkg,2,0,2
1560,6d8o,2,0,2
1561,3dim,2,0,2
1568,4zdp,2,0,2
1570,5gap,2,0,2
1572,5ndh,2,0,2
1573,4p5j,2,0,2
1575,3oxm,2,0,2
1576,3ol9,2,0,2
1578,3dio,2,0,2
1583,7lyg,2,0,2
1584,2n1q,2,0,2
1585,6n2v,2,0,2
1587,4w92,2,0,2
1588,6dlt,2,0,2
1589,3d0x,2,0,2
1590,6d8l,2,0,2
1592,5ddq,2,0,2
1593,3bo2,2,0,2
1595,3dil,2,0,2
1602,5yzg,2,0,2
1608,6dlr,2,0,2
1610,4tra,2,0,2
1613,3owi,2,0,2
1614,5btp,2,0,2
1624,1tn2,2,0,2
1626,2tra,2,0,2
1631,3cw5,2,0,2
1636,4cxg,2,0,2
1638,5ml7,2,0,2
1644,3w3s,2,0,2
1645,1h4s,2,0,2
1646,3diy,2,0,2
1648,3irw,2,0,2
1653,6q57,2,0,2
1655,7kju,2,0,2
1658,1mme,2,0,2
1659,4erj,2,0,2
1661,5z57,2,0,2
1662,3mur,2,0,2
1663,3hl2,2,0,2
1669,3zjv,2,0,2
1678,6db8,2,0,2
1680,6dlq,2,0,2
1690,6dmd,2,0,2
1692,6id0,2,0,2
1693,3r1l,2,0,2
1696,5ddr,2,0,2
1702,6ues,2,0,2
1705,3olb,2,0,2
1706,3cw6,2,0,2
1710,2zuf,2,0,2
1714,7els,2,0,2
1719,3sd3,2,0,2
1727,5l4o,2,0,2
1728,6mwn,2,0,2
1738,3dh3,2,0,2
1741,4xco,2,0,2
1748,3ola,2,0,2
1753,4ycp,2,0,2
1755,5fk1,2,0,2
1756,5cd1,2,0,2
1758,4o26,2,0,2
1771,4as1,2,0,2
1782,4zdo,2,0,2
458,5eaq,1,0,1
573,4qlm,1,0,1
593,7d7w,1,0,1
722,6tf1,1,0,1
807,3cr1,1,0,1
828,3suy,1,0,1
860,4pqv,1,0,1
908,6tf3,1,0,1
945,6e80,1,0,1
973,2p7f,1,0,1
1044,7kkv,1,0,1
1074,4nyb,1,0,1
1086,4rzd,1,0,1
1093,3bbm,1,0,1
1111,3b5s,1,0,1
1116,2lkr,1,0,1
1176,2h0x,1,0,1
1179,6tfg,1,0,1
1190,3bbk,1,0,1
1204,2d1b,1,0,1
1205,1c04,1,0,1
1207,1f7y,1,0,1
1209,2b8r,1,0,1
1212,1vtq,1,0,1
1218,2b8s,1,0,1
1247,6x5n,1,0,1
1272,7duj,1,0,1
1273,2fd0,1,0,1
1286,3tra,1,0,1
1289,1zfx,1,0,1
1292,2z75,1,0,1
1293,2jlt,1,0,1
1297,4nyc,1,0,1
1298,3r4f,1,0,1
1299,5di4,1,0,1
1300,6zdq,1,0,1
1304,5u4j,1,0,1
1305,6qis,1,0,1
1309,4oqu,1,0,1
1314,6tf2,1,0,1
1338,7d7v,1,0,1
1342,7duh,1,0,1
1345,3moj,1,0,1
1352,3lwq,1,0,1
1354,1xp7,1,0,1
1361,3b4b,1,0,1
1379,7dui,1,0,1
1382,2pcw,1,0,1
1385,7ki3,1,0,1
1395,3zd4,1,0,1
1405,6tﬀ,1,0,1
1407,1zft,1,0,1
1419,2n7m,1,0,1
1429,1bj2,1,0,1
1431,7d7y,1,0,1
1434,4nyg,1,0,1
1436,3hay,1,0,1
1442,5ccb,1,0,1
1443,1xpf,1,0,1
1453,4m4o,1,0,1
1455,2bj2,1,0,1
1458,4kz2,1,0,1
1471,4y1m,1,0,1
1483,7k16,1,0,1
1486,2ho7,1,0,1
1489,2rn1,1,0,1
1494,2lu0,1,0,1
1504,2z74,1,0,1
1505,7k9d,1,0,1
1506,2n3q,1,0,1
1515,3b4c,1,0,1
1524,4l81,1,0,1
1526,4meh,1,0,1
1530,2pn9,1,0,1
1531,3hax,1,0,1
1533,7asa,1,0,1
1534,4qvi,1,0,1
1536,3e5e,1,0,1
1546,5d8h,1,0,1
1558,7abf,1,0,1
1566,5dh6,1,0,1
1582,3ndb,1,0,1
1586,4rqf,1,0,1
1591,6h0r,1,0,1
1596,3b5f,1,0,1
1598,6tfh,1,0,1
1599,6zdp,1,0,1
1600,4g6r,1,0,1
1601,2gcv,1,0,1
1605,6tf0,1,0,1
1606,6x5m,1,0,1
1609,2p89,1,0,1
1612,1kis,1,0,1
1617,6qn3,1,0,1
1618,1x9k,1,0,1
1619,3i2u,1,0,1
1621,3e5c,1,0,1
1623,2mi0,1,0,1
1628,2ho6,1,0,1
1629,2mtj,1,0,1
1630,3hjw,1,0,1
1632,2fgp,1,0,1
1633,1x9c,1,0,1
1635,2fcy,1,0,1
1641,3e5f,1,0,1
1642,3lwv,1,0,1
1647,6e84,1,0,1
1649,5gam,1,0,1
1650,2nre,1,0,1
1657,2wwb,1,0,1
1666,2d2l,1,0,1
1670,5osg,1,0,1
1672,2gcs,1,0,1
1674,4qg3,1,0,1
1675,6tb7,1,0,1
1676,1bau,1,0,1
1677,1f5u,1,0,1
1679,2h0w,1,0,1
1681,1xpe,1,0,1
1684,6gzr,1,0,1
1685,1y3o,1,0,1
1686,7d7z,1,0,1
1688,1mzp,1,0,1
1689,2nc1,1,0,1
1691,3sux,1,0,1
1694,4p3e,1,0,1
1695,4rum,1,0,1
1697,6wlj,1,0,1
1698,6e81,1,0,1
1700,3lwp,1,0,1
1703,2f4x,1,0,1
1704,5eao,1,0,1
1707,6r47,1,0,1
1708,3gs8,1,0,1
1709,2nbx,1,0,1
1711,1yxp,1,0,1
1713,3bbi,1,0,1
1715,5dh8,1,0,1
1716,2n8v,1,0,1
1720,3b4a,1,0,1
1722,4x0b,1,0,1
1724,5npm,1,0,1
1726,6u8d,1,0,1
1730,3b58,1,0,1
1731,5di2,1,0,1
1732,1zfv,1,0,1
1734,7dug,1,0,1
1735,4meg,1,0,1
1737,2d19,1,0,1
1739,3b5a,1,0,1
1740,6dme,1,0,1
1742,3lwo,1,0,1
1743,2wwa,1,0,1
1746,3npn,1,0,1
1747,2npz,1,0,1
1749,2rfk,1,0,1
1750,7d7x,1,0,1
1752,5lwj,1,0,1
1754,3lwr,1,0,1
1757,2d2k,1,0,1
1760,6evj,1,0,1
1761,5tpy,1,0,1
1763,3u4m,1,0,1
1764,3cqs,1,0,1
1765,6u89,1,0,1
1766,2mtk,1,0,1
1767,3ok2,1,0,1
1769,2nug,1,0,1
1770,3b91,1,0,1
1772,3egz,1,0,1
1774,2ww9,1,0,1
1775,6ww6,1,0,1
1776,5d6g,1,0,1
1777,4k4s,1,0,1
1778,3suh,1,0,1
1780,7aav,1,0,1
1781,4nyd,1,0,1
1783,6gzk,1,0,1
1784,7duk,1,0,1
1785,3u56,1,0,1
1786,5ccx,1,0,1
1787,2h0s,1,0,1
1788,1h1k,1,0,1
1789,2h0z,1,0,1
1790,3zd5,1,0,1
1791,2oom,1,0,1
1792,5dh7,1,0,1
1793,7a5p,1,0,1
1794,3zp8,1,0,1
